7.098579826503776,0.7581587545086508,2.4092533261163256,0.9265221878759327,0.14724461710376913,-0.49126702816522094,-1.570888560339907,-2.977284096663224,0.5691449907368304,-1.5508397640427702,1.9283666800720363,0.25122096275552996,-2.4418746373058458,0.06971372512675128,-0.29664264579428967,0.07424900788264713,0.2973223489533542,1.2965614693765746,-0.5101141600435237,-1.5010876161394089,0.3753584057376761,0.04654689430876761,0.4923806485663793,1.4787790365713835,0.4958853685133454,1.0988592803770176,-0.9612369290688362,0.6887692327531252,-0.24892982995929702,-0.05959438893507282,2.733119458711177,-0.7352232331496538,-0.11757597586848566,0.3054019729471358,-1.0600515750732744,-0.3180850685573049,0.5910647047951627,0.2886689562353959,0.05587668874376245,-1.2482341006870097,-1.4815642366027926,-0.6640678942341549,-0.7748172684035872,1.4078388831510658,-1.2619870114585088,0.6493000760177119,0.8136000184786827,-0.3369359228759231
numHidden 	5
numGenes 	48
minGene 	-3.0
maxGene 	3.0
popSize 	200
maxEvaluations 	20000
mutateRate 	0.35
mutateChange 	0.1
crossoverProbability 	1.0
tournamentSize 	10
seed 	1586870895482
random 	java.util.Random@626b2d4a
neuralNetworkClass 	class coursework.ExampleEvolutionaryAlgorithm
Training Set Training
Fitness 0.08134324554886203