-1.1771590837372705,4.063748823451787,-0.9640835843718207,8.897951499517944,1.0509674001013907,2.0482232412244397,1.6659968149726847,-4.742611141815111,-0.22121420566283478,0.9770596995836607,-0.8060165864456239,4.857950912412379,-1.2950379898480828,4.475878184028613,-0.18939612922325766,1.2091611424601652,0.5817120206802652,-3.5274057024281924,-0.55646134012674,1.4839279383272093,0.6057979203364887,-0.6383725469974685,-0.20201521765930908,0.46233204548678464,1.4868324908342971,-0.5619212499684321,1.2665460641179855,0.2856314561694845,-1.2782619382751554,-1.8979061456399509,0.2802988486017844,0.9992312684768878,1.8467902575834088,1.6629679111238345,-3.3569445011168924,0.7059871554564267,-0.006554827160424282,1.3509949429968682,-1.06686775183447,0.7223077736398911,-0.9822617006884515,-0.6434622630360902,0.9516968691641738,-1.5143917830381062,0.5256950977519319,-0.004447064273083045,0.24016125547363754,0.1780670726766369
numHidden 	5
numGenes 	48
minGene 	-3.0
maxGene 	3.0
popSize 	200
maxEvaluations 	20000
mutateRate 	0.35
mutateChange 	0.1
crossoverProbability 	1.0
tournamentSize 	10
seed 	1586870795644
random 	java.util.Random@626b2d4a
neuralNetworkClass 	class coursework.ExampleEvolutionaryAlgorithm
Training Set Training
Fitness 0.014574009637612876