0.6917772334488864,-0.6978430451360655,-1.313693920225354,1.0555256641603012,0.8434062252148848,0.11297100978432645,-0.6224055627994101,1.4717014432818574,-1.39069103227695,0.6788018111587819,0.19184968510500527,1.2321486821557648,0.2113793052301272,1.2113007488985486,-0.35615530617855873,0.5860562046792646,0.6317958568349165,1.0930379201329425,0.3542611955041025,1.187846583465125,1.11683163185899,-1.43169965107916,-0.2379262852776715,0.17521974960977743,-0.977417737687271,-0.6205134918359283,-0.9966961487862624,0.202100100625296,1.4816710730715594,-0.25811601506850756,4.928656856251631,4.715837211775267,-0.07364956987763338,0.8472781414853734,-1.2993777584244914,0.20689166171976786,0.5262262990203421,5.6728762550915945,1.5321103598441126,2.4129174951876253,-2.45900302374421,-0.20293582396181864,0.1655135350902997,0.3629704116141167,1.955764243363899,0.6513970398963783,1.121286642837286,0.9854286613707772
numHidden 	5
numGenes 	48
minGene 	-3.0
maxGene 	3.0
popSize 	200
maxEvaluations 	20000
mutateRate 	0.35
mutateChange 	0.1
crossoverProbability 	1.0
tournamentSize 	10
seed 	1586447243329
random 	java.util.Random@626b2d4a
neuralNetworkClass 	class coursework.ExampleEvolutionaryAlgorithm
Training Set Training
Fitness 0.042765936614886084