0.23365230226860254,0.060432670872609034,-1.8735025141196755,3.7953337750121614,4.598645885235546,-1.1493918686859286,2.217180346683861,-1.2140671036073198,-0.19599362087645372,-0.7419164016342811,-0.2747875931473881,1.0313747502002817,-1.609372710216233,0.255789642083634,2.830965858417726,-2.5084134561273146,0.7737201482642004,0.11839543175492996,1.0584657651772647,-0.27934174818140345,0.1988519150584113,-0.40819220006207635,0.3182682818475029,-0.8658225548920426,-0.14303183613103965,1.3743254657916406,0.38003389237241597,-0.37544614515780317,-0.6785643552352068,0.09455684014711661,0.6195651363149647,2.6710459119910714,-1.4175595127477159,-0.4874849269899688,-2.6293428110978123,0.6479451016429517,-0.4996949446614187,4.739974664320343,-0.15843928288136244,1.5354250710187076,-0.02857744648996942,-0.627642430536032,5.0747949219558794,-0.8939265316521817,-1.6790249119806933,1.0258854803568167,-0.2100516541883779,0.8173867792278868
numHidden 	5
numGenes 	48
minGene 	-3.0
maxGene 	3.0
popSize 	200
maxEvaluations 	20000
mutateRate 	0.35
mutateChange 	0.1
crossoverProbability 	1.0
tournamentSize 	10
seed 	1586870202223
random 	java.util.Random@626b2d4a
neuralNetworkClass 	class coursework.ExampleEvolutionaryAlgorithm
Training Set Training
Fitness 0.023177933437569145