0.4542071137338216,1.7658789069613077,-0.3361137644569404,-3.7363574714228607,1.3261371026567024,-0.7077966111724542,-2.107961861685686,0.8637528470400433,-1.7174474656643588,-0.6525728401185971,-1.7550076733380515,0.7420208090914316,-1.037497932257987,-0.25332771247395763,-0.07393292923988162,-1.0771604261986985,-0.3932058232277151,0.2629952288617674,1.710446045976274,-0.2152792693596672,-0.2931919932804792,1.1677413018305933,-1.6757413273560318,0.3600028367145909,1.67373475365945,-1.5976201982906963,0.13435022264931237,-0.10009594291590684,1.3587928730103438,0.8058548975251861,-0.3307435596974166,0.8332993741169544,-1.227041624790468,4.142446395395018,0.7433175176379416,-1.6949698838673557,-2.606282626441752,1.2519602013919553,1.4198211459582337,-3.9022608345299155,1.8088879497628019,-0.9801930544075552,1.5155932945325037,0.6714895648169602,-1.6514892255520284,1.886488969181584,0.8005199847342265,0.0011344006153348103
numHidden 	5
numGenes 	48
minGene 	-3.0
maxGene 	3.0
popSize 	200
maxEvaluations 	20000
mutateRate 	0.35
mutateChange 	0.1
crossoverProbability 	1.0
tournamentSize 	10
seed 	1586438001382
random 	java.util.Random@626b2d4a
neuralNetworkClass 	class coursework.ExampleEvolutionaryAlgorithm
Training Set Training
Fitness 0.08122898225931385