4.378929557757797,0.7424479854646491,-0.9051174713467911,-2.984260399560082,1.612792558821917,0.8489461216142877,-3.4074490068155256,2.713925713300846,0.2988920150517439,-0.09979737154777411,-0.9967474962758008,-1.1945094714449047,2.7335950731468186,-2.581830619685938,-2.752489593356213,-0.5140207375162593,-1.3901944699290096,1.0623805614869464,6.251824300917991,-1.1542018635609148,1.3685468304606643,1.392952777435978,0.7745154506761756,-2.534224029202993,2.3109679783959103,0.030222792160381394,-1.6293438698608578,1.7193617592096164,-1.480465700639635,-0.8167569423610065,0.8348083673765802,-2.697655124953727,0.04795461651461639,8.330937120681156,0.9644539735631317,-1.4772204216152232,3.244620164646772,1.6762342615948185,2.5601909882134466,-3.0524956139220283,0.6809657584983482,2.7034025075129904,0.6238966729604238,2.6835529506980667,1.7439993320168146,-3.837344641055499,1.4194038399017734,-1.2171590536515433
numHidden 	5
numGenes 	48
minGene 	-3.0
maxGene 	3.0
popSize 	200
maxEvaluations 	20000
mutateRate 	0.35
mutateChange 	0.1
crossoverProbability 	1.0
tournamentSize 	10
seed 	1586870113605
random 	java.util.Random@626b2d4a
neuralNetworkClass 	class coursework.ExampleEvolutionaryAlgorithm
Training Set Training
Fitness 0.03052658776851426