0.45083409289599885,0.1472183225221962,0.1656264935374511,0.9724664157741372,-0.8736191637652188,0.8071429391582619,-0.8130328431537448,-1.4055935511315392,-2.039104174323567,0.5598081374284973,1.279137418950493,1.6898020051254798,-2.7481485411140723,0.9672998266753412,1.165069872090245,1.2691905493035551,-0.3503780137092377,-1.1631057459363328,-0.6498497659581834,0.851489858936274,-0.08763066287240157,-0.8333249002043406,2.312055030529531,0.1329413583010306,1.0506543836921096,-2.0408301680039393,0.29042267638526187,-1.8307294963011809,-0.6135184360683441,-0.16152770116677223,0.012213388638988465,-0.44578136308114413,1.07279132548791,-1.198368229149719,-5.512479111234855,-0.7808708600843421,-0.38967623996239464,-0.09713322882102574,-0.31423516796252393,2.0082982767704083,0.13010076116103952,-1.432119387915261,-0.5687483213308597,0.5023080317492076,1.1307221907433176,1.4545391777706351,-0.4881074288385079,0.11199782164081831
numHidden 	5
numGenes 	48
minGene 	-3.0
maxGene 	3.0
popSize 	200
maxEvaluations 	20000
mutateRate 	0.35
mutateChange 	0.1
crossoverProbability 	1.0
tournamentSize 	10
seed 	1586447117777
random 	java.util.Random@626b2d4a
neuralNetworkClass 	class coursework.ExampleEvolutionaryAlgorithm
Training Set Training
Fitness 0.05111941145856891