-1.8203932173920725,0.19750085335746687,-0.5767319721056114,1.5905854168660638,0.06526381764059588,-0.9199576540018495,0.7525149437677197,0.6354642535429331,0.1432833651578755,0.8734514571076188,0.2605702346342901,0.06754535330001635,0.12146407536708606,0.5967265218625135,-0.8423141025354555,0.5503853406794053,0.7544947415066845,-0.26176664180395204,0.8305506895074763,2.310243137592445,-0.7851058689118384,0.46211032235776595,-0.29664420484793563,-0.9256913573310224,-0.31878263400791396,-1.7055491817876125,-0.8310079833107216,-0.1920250681553664,-0.5631302140950263,-0.1358854624768936,-1.2699910527951404,-2.8762480469475538,0.12104447354398201,0.4623701588339423,-2.384556718410052,0.5072894510192434,1.3572177839538568,0.22289534081728063,0.39079718604703817,3.103708210729101,1.4262485963610083,0.2543764127011121,-3.011827942573995,-1.569476456050357,0.5083897314254717,-0.5109684795093665,0.7817316531125751,0.9249343846017224
numHidden 	5
numGenes 	48
minGene 	-3.0
maxGene 	3.0
popSize 	200
maxEvaluations 	20000
mutateRate 	0.35
mutateChange 	0.1
crossoverProbability 	1.0
tournamentSize 	10
seed 	1586870777832
random 	java.util.Random@626b2d4a
neuralNetworkClass 	class coursework.ExampleEvolutionaryAlgorithm
Training Set Training
Fitness 0.10777737128266027