2.1963043512209164,3.671992810063179,-2.0440711616821217,0.1837668274854617,-6.95904490974222,2.518129522174644,-2.6502271430225735,-0.6850035814847144,0.26918331333238565,-0.22851030854703097,-1.4099416996611696,-2.150756104213282,-0.22833447115297736,1.1580770895865955,-8.359535519642252,1.7087719803337496,1.3618624424948331,2.3559668369611595,2.803635348875953,-2.636735171095115,0.22984203402155381,-1.4801393589936227,-0.8269873491642572,-2.218203113528594,0.3847305756978958,-1.6191447404423704,-0.18898813036109302,2.2195650046756326,2.1876910106727596,-2.5876428030947713,-0.8178309195522208,-0.7176103281165152,2.7200764862771702,-0.4622651780313116,0.3205794946975532,-0.5555187773511882,-0.30632527195234927,1.724116471016174,1.627796661425685,-2.200886296466364,-0.9992232882188914,1.9190449115559947,-1.2967360200600713,1.3278634451036448,-0.42652396018194216,0.43053272765788075,1.2151936154187002,-2.5719053022143123
numHidden 	5
numGenes 	48
minGene 	-3.0
maxGene 	3.0
popSize 	200
maxEvaluations 	20000
mutateRate 	0.35
mutateChange 	0.1
crossoverProbability 	1.0
tournamentSize 	10
seed 	1586870950832
random 	java.util.Random@626b2d4a
neuralNetworkClass 	class coursework.ExampleEvolutionaryAlgorithm
Training Set Training
Fitness 0.0626849654534429