0.11965302892288782,-2.4660854221250244,-1.5740400695563914,-1.1002082203658778,-0.43322837162961025,-1.2650949784902017,1.478610311198933,0.15425449287024767,-2.993213824298789,0.5639664415202894,-0.6593920595653688,0.8640349458061958,-3.5482380549413826,0.9469782114800371,-2.6808319692471505,1.938737502077775,0.6178051758872485,-0.10170826727620488,-1.925479032810705,0.3429017212783974,0.7537057657112274,0.9500811239664078,-0.9583487674525204,-0.7018017140685375,0.851139116778945,-0.32187801016798956,1.0152068629707003,-0.2083608874212961,0.8895275900778199,-1.04397687036969,0.21902025710800582,1.6256287218604744,-1.0513295244023837,-0.32363027599200667,1.0635337373210434,-0.1582722513379251,-3.524457538254196,-0.04475110367524773,-1.5385430394398163,0.2525503777636102,-0.030234833392788964,-3.2963828517869818,0.5063912367773706,2.4689392997941475,-1.1832956024030534,0.1716423836276003,1.7193822437990556,-0.5652929800276629
numHidden 	5
numGenes 	48
minGene 	-3.0
maxGene 	3.0
popSize 	200
maxEvaluations 	20000
mutateRate 	0.35
mutateChange 	0.1
crossoverProbability 	1.0
tournamentSize 	10
seed 	1586870733003
random 	java.util.Random@626b2d4a
neuralNetworkClass 	class coursework.ExampleEvolutionaryAlgorithm
Training Set Training
Fitness 0.042858595385285664