1.262753280816264,0.01807256707115577,-0.9410676634623169,-1.626899188552787,1.5595841908966148,-0.08390781603702732,0.3151161637731233,-1.6498304115591043,2.0011801717645676,1.5309099861339988,1.3950640338646643,0.2848068939206059,-0.20734511523052584,-1.1339844948026143,2.3877923504126297,-0.4267024097758424,-0.35104643861234497,-0.07329152602638869,1.0887949783060695,1.4808129531882184,-0.910671223004601,0.21444105022517962,0.9197962694250688,-1.1437720830375966,0.6018507404315658,-0.6724653770523852,-0.48181596042458497,1.0191786967531526,-0.15388566610842996,1.671611586832126,1.748816510215371,-0.05105990428696677,0.46261694663465225,0.17850000168383748,0.1820982425361827,0.563549393065008,-1.3183991628964364,1.1192129813474254,-1.309473060976299,-2.4836945424609285,0.7654158872718801,0.30491471816296467,1.1275972819971871,-0.22005794388423694,0.5122449122625439,0.37932812925526727,-0.10484928589392208,0.004747432769659346
numHidden 	5
numGenes 	48
minGene 	-3.0
maxGene 	3.0
popSize 	200
maxEvaluations 	20000
mutateRate 	0.35
mutateChange 	0.1
crossoverProbability 	1.0
tournamentSize 	10
seed 	1586447204646
random 	java.util.Random@626b2d4a
neuralNetworkClass 	class coursework.ExampleEvolutionaryAlgorithm
Training Set Training
Fitness 0.08298181112543256