0.976436385607526,-1.9516623641062738,1.5098366794691733,-0.3922206753708779,1.462468677419383,0.19305785312840465,0.32275485745190113,0.255968290512137,-0.6896397219092939,1.8759004065881069,-1.5749428237214635,-0.28041278033764716,-1.8690750274009504,1.7122903710337334,-0.37151142505249746,1.2445915258628304,-0.2833609051488203,-0.07991617117858135,2.3197103090609854,1.1968538952878285,-0.9459264263814217,-1.049754481905929,-2.527055381348319,-0.2868616194421316,-1.1857921603885961,-1.5152273672261098,0.15824199263268188,-2.0221971550532754,0.7907301168178877,0.21032266607878358,-1.3884461739364573,-0.18079351817270545,1.8330775180472054,-3.9262803949273044,7.656968006684174,1.121929253689984,0.21785952376822332,-1.9625453835501412,-1.1050913306845531,2.4358501594866953,1.2750715078399186,0.7021090936294536,-0.33979158447625374,1.4379005551081987,2.1179180816427983,-1.339913545086795,-0.08497239166049853,-0.09385510702057162
numHidden 	5
numGenes 	48
minGene 	-3.0
maxGene 	3.0
popSize 	200
maxEvaluations 	20000
mutateRate 	0.35
mutateChange 	0.1
crossoverProbability 	1.0
tournamentSize 	10
seed 	1586437032768
random 	java.util.Random@626b2d4a
neuralNetworkClass 	class coursework.ExampleEvolutionaryAlgorithm
Training Set Training
Fitness 0.08844222347117259