-3.192635846294887,-0.10276714282287593,10.145823732496872,0.6116748730366918,-1.0783062234165794,-0.7026531765242832,1.2134443004793067,-0.3706476114992687,-0.5232160255815967,0.25194515008282314,0.07113041608967632,0.2281934306756932,0.13181474393652665,0.7503353998724036,0.6046076857579321,0.02134032094295527,-0.5364627471786168,1.2378570252732501,-0.6474292738972331,2.207998777339443,0.8294331934863426,-1.278061089945842,-1.8907278874201645,1.0922941881392538,0.7370319506383088,2.033505395037702,0.7843474417112881,1.8754730850697152,0.060984528227460456,0.7897157975466194,1.8085606256030162,1.7385250992666192,-0.5554330427776564,6.464319107864233,1.2307223853887739,2.030421261639629,2.4840039807198737,-0.20761458852045717,-0.03962652938415243,-0.5445790581059573,-1.8700813727780203,-1.0857888229486137,-2.8017482217355294,-1.1211696631328913,1.0851918808227528,1.5171579925925682,-1.2143621140672543,-1.402140795206307
numHidden 	5
numGenes 	48
minGene 	-3.0
maxGene 	3.0
popSize 	200
maxEvaluations 	20000
mutateRate 	0.35
mutateChange 	0.1
crossoverProbability 	1.0
tournamentSize 	10
seed 	1586870605086
random 	java.util.Random@626b2d4a
neuralNetworkClass 	class coursework.ExampleEvolutionaryAlgorithm
Training Set Training
Fitness 0.09122261647607066