0.7665248888326215,-1.0532614920279637,1.5615216114802868,-1.9790980978662278,-4.312099532801579,-0.8626662003417774,0.7747989108540666,1.9583876669577123,-0.4684758843203381,2.1114633952219455,0.6402229661766199,-1.1129336352951908,0.5996167485008059,0.06160728779013453,-1.1880292576468632,0.36705713459443984,0.3188143793909316,-0.6163971451915129,1.1353738766408377,0.9774818168852766,0.7419403230905859,1.6069343734964179,-0.476633245211332,1.3183530729062565,-0.48959644167821875,-0.658466998881817,0.09430809328810373,-1.6052797395302192,-1.3138493850355903,-1.635565707686356,2.161430520114561,-0.20741338899480558,-1.9459966493151608,0.15369406380614203,0.6362367724853639,-0.5928586947533308,-1.5096543562017832,-0.33305671501343254,1.0057443851850816,-0.6200977371632386,0.8398345502368443,-0.17773067779910798,-0.8064519360159789,0.7650256756515583,0.20797496911509095,-0.9546744435369009,1.3842647867203088,-0.32159416854336176
numHidden 	5
numGenes 	48
minGene 	-3.0
maxGene 	3.0
popSize 	200
maxEvaluations 	20000
mutateRate 	0.35
mutateChange 	0.1
crossoverProbability 	1.0
tournamentSize 	10
seed 	1586438854809
random 	java.util.Random@626b2d4a
neuralNetworkClass 	class coursework.ExampleEvolutionaryAlgorithm
Training Set Training
Fitness 0.08549780345772215