-2.572046015187842,-0.41128529771816347,-1.476084646495314,0.8133381717540646,-0.955390185583532,0.17507972389656146,-1.1442488218838451,0.9984467512392127,0.3098694117697415,-1.343979065675581,0.9190671653676208,-0.75543597961849,0.2055458504912503,-0.9118089757241639,1.3148579081563236,0.7255714921049293,-1.1922577320774108,0.08351311696578517,-0.8338343762961095,-0.731113835232887,1.0356736732803244,1.4756821113421612,0.9232630579737257,0.09253657068521975,0.804992520807131,-1.395551076496234,-0.5434341872254773,0.3822457428106568,0.7909959095813838,1.1685224648781074,-0.8380143303345725,0.09706369646759336,-0.23838488346804232,-2.6028125839948606,1.9626194853217411,-1.0757838692370658,0.13219170662863372,0.9056632248957353,1.037338527668188,0.20521832442082208,-0.22516759893997446,-1.1376885180155984,1.0612455776420733,0.09739584629591003,-1.3696721236436475,0.8113405594289831,1.0364200526245844,0.7783178294681898
numHidden 	5
numGenes 	48
minGene 	-3.0
maxGene 	3.0
popSize 	200
maxEvaluations 	20000
mutateRate 	0.35
mutateChange 	0.1
crossoverProbability 	1.0
tournamentSize 	10
seed 	1586870177436
random 	java.util.Random@626b2d4a
neuralNetworkClass 	class coursework.ExampleEvolutionaryAlgorithm
Training Set Training
Fitness 0.10073715549449126