0.4380119244613141,-2.0811253619002565,-0.22018970723979187,0.04853469098227864,-2.807499932534614,0.5096913288201976,1.466866984071158,0.9063076911545829,1.6947256610747665,1.6419914922652548,-0.2038988930785311,-0.904926488205118,-0.08357837055630951,0.04296802753986208,-1.2652230509527096,0.40839195024253483,0.754698912757608,0.9630521143460298,-0.8582884043614277,-1.07375879226958,-0.3686136803001012,-1.1329089460602484,-0.6358022991023795,-0.20716998818559762,-0.5752044783832228,-0.8709641763140918,0.5353604423660887,9.199179889674454E-4,0.28783585835388636,0.12013283230370975,-0.553285676964458,-0.7781700120236914,1.3869538799350494,-3.2110941906406385,-0.4511758628512669,0.30478042074912626,-1.6220572989889832,0.23272594847502115,2.0302289831933145,-0.19718741031512166,0.12060738487880393,0.5215340571268114,-0.5128414994375758,1.3566606435710562,-0.22881123704458078,1.747756990248571,-1.2285564110087979,0.7821892953604308
numHidden 	5
numGenes 	48
minGene 	-3.0
maxGene 	3.0
popSize 	200
maxEvaluations 	20000
mutateRate 	0.35
mutateChange 	0.1
crossoverProbability 	1.0
tournamentSize 	10
seed 	1586871131433
random 	java.util.Random@626b2d4a
neuralNetworkClass 	class coursework.ExampleEvolutionaryAlgorithm
Training Set Training
Fitness 0.0407114325558927