0.5609888810793215,-1.1557530300040855,0.9410671515932821,1.1065820304122722,3.2135760716463286,-0.387815754993907,0.6658029403769326,1.281343485692641,-2.630546002956344,0.3253109253195543,1.5562687802444701,1.1274832448860628,-2.0717853519315437,1.1820145398356272,0.09120099383294855,1.7119428070253138,2.40853355866692,1.1801275056941245,0.08645568625987868,-0.09381996921593577,0.7991014086715789,-0.9182418842576604,-0.9082414728687417,0.03514908844225293,0.7098765397871032,1.0019090981734777,-1.1918972031249084,1.3374600546893487,-2.720370295931896,0.9316801347757545,1.8525476066714457,-0.744533756740441,0.9496623161882137,0.6683609981995459,-1.1860565649232053,1.7901340937095807,-1.8205949465863385,-0.4116639813331312,1.4344169997288228,0.9078483744046018,0.5041106685927061,-0.5050580083077045,4.264839246235248,0.24681769350326946,-0.5057078687301702,0.047484115100887195,0.7818042165183104,-0.21691150633372097
numHidden 	5
numGenes 	48
minGene 	-3.0
maxGene 	3.0
popSize 	200
maxEvaluations 	20000
mutateRate 	0.35
mutateChange 	0.1
crossoverProbability 	1.0
tournamentSize 	10
seed 	1586437893050
random 	java.util.Random@626b2d4a
neuralNetworkClass 	class coursework.ExampleEvolutionaryAlgorithm
Training Set Training
Fitness 0.08110598903267337