0.5018727095682143,0.4568596645543309,0.49477253974271074,0.20479752544383953,0.17202514162821517,0.5033878539705998,-0.038160397559503414,0.36814225936667144,0.16436793517971143,0.19851760791860523,0.03152232598014583,0.4248745027646784,0.48027039480844835,0.20698100742777154,0.30794341191510843,0.13758833648974986,0.24923354413716672,0.2089354316124056,0.37007766936512915,0.36201491311369305,0.1937584730483894,0.6116257320391034,0.2822378298673761,0.4294082697381976,0.028946436649331653,0.1913256012892364,0.2890197244673883,-0.6945986348781826,-0.15514250539815505,0.1016020863236465,0.3532544902215125,0.28841156170579907,0.17379202665985277,0.23543019775158439,0.30237564924438687,-0.779329894990666,0.41652687814320366,0.10594402185722317,0.366677679461321,0.5498540258831331,0.2539030913925703,0.1989465238003965,0.36311761744019155,0.5600472430417418,0.24697101331467616,0.14765264450232496,0.4104915386696778,0.3803441397986297
numHidden 	5
numGenes 	48
minGene 	-3.0
maxGene 	3.0
popSize 	200
maxEvaluations 	20000
mutateRate 	0.35
mutateChange 	0.1
crossoverProbability 	1.0
tournamentSize 	10
seed 	1586184070779
random 	java.util.Random@626b2d4a
neuralNetworkClass 	class coursework.ExampleHillClimber
Training Set Training
Fitness 0.117767646235481