-0.6655195430725382,0.6583095935304919,1.067546117747678,0.21550727991892582,-1.4158273953131686,-0.9263500531382545,1.0512466255343724,0.04828484819376516,-0.45815096071540207,-2.0367740288595924,0.29036667482991085,0.34233380752404297,-1.017274098926972,0.36387134423906986,-0.5244870948839262,-0.22104239326394431,-0.75317071792444,-0.5275466050813011,-0.9658192453409897,0.666109647185363,0.15977101383350867,2.1442424800434576,1.0764616192417953,-0.08528244214496955,-0.12550817836327355,-0.3541759751895531,-1.0017430105857912,-0.3005604489787317,0.30766452112715603,0.445462040359038,-0.7494485769649413,0.219662921002037,-0.9020470707907216,-0.01597154932212969,-0.1160616021259535,0.06990429033184686,-0.8081786079768177,2.174823841711164,-0.871073048741557,-1.837212382424185,0.06743804745088852,-1.1244485126211274,-5.152583668915907,1.0676981777963213,-0.16778066037107006,0.6370323915603417,0.7198976336324467,-0.2361635865335136
numHidden 	5
numGenes 	48
minGene 	-3.0
maxGene 	3.0
popSize 	200
maxEvaluations 	20000
mutateRate 	0.35
mutateChange 	0.1
crossoverProbability 	1.0
tournamentSize 	10
seed 	1586870148298
random 	java.util.Random@626b2d4a
neuralNetworkClass 	class coursework.ExampleEvolutionaryAlgorithm
Training Set Training
Fitness 0.054722850526553145