-0.07512440455458926,2.415550399968767,-0.30560157356341067,-1.1093842947786432,1.5208816527126858,-0.7852840932498982,-2.6514285327884917,0.5652295528329759,0.07531296485782951,1.8966375654580654,1.442858197741106,2.76464385068571,0.770930376269578,0.30092786677100136,0.5096513442675825,-0.42856263769420133,0.9351114383316332,1.9619971923324795,2.033398033685625,0.8222393720961229,-0.1925704619221163,0.3991025519885807,0.6754878906200616,-0.07696433229132316,-0.9631374186426387,0.06396206596516518,0.031061592226236105,0.21318472649499678,-0.013945081823018644,0.43826584373474514,1.483179576031376,-3.5503587516904718,-0.8498065321229529,0.32600981048619265,-0.2550679504226795,-0.1471306891449925,-0.18458610263377587,-0.5010200478166376,1.139506957468679,-0.7367953982328264,3.5983211900842833,0.6494647398604458,-0.10979382432479141,-1.5818912936521872,0.44010924053142275,0.0756932157406834,0.8568079538333987,-0.46358736624053354
numHidden 	5
numGenes 	48
minGene 	-3.0
maxGene 	3.0
popSize 	200
maxEvaluations 	20000
mutateRate 	0.35
mutateChange 	0.1
crossoverProbability 	1.0
tournamentSize 	10
seed 	1586870399557
random 	java.util.Random@626b2d4a
neuralNetworkClass 	class coursework.ExampleEvolutionaryAlgorithm
Training Set Training
Fitness 0.007427550970062732