0.23920235146021548,0.8241491000691386,0.566336939832611,0.33583617652078773,0.4475827737251854,-0.3400480236024824,0.33510441777273625,-0.6353352067967895,-0.1752725794412242,-0.1588205852775061,0.2381637406453223,0.6731546894613347,0.5421501506085622,0.6861546883329196,-0.6546348119480683,-0.39911712317006776,0.6106407662839115,-1.0139430578666349,-0.2631511287158458,-0.09673764177019448,0.6065766584640218,-0.08956669252042428,0.7314186198445803,-0.6188923328986106,0.6563050274847378,0.7988526955851208,-0.007843942138927702,0.2895108906898095,-0.08053760444954644,0.40637609360645643,-0.4477076971456113,0.5675643835756057,-0.02878325767629611,0.8398128647693286,0.5892325191405279,0.15573452475214278,0.4734284964610176,0.5338541111350235,-1.1261802919852248,0.3777524056549143,0.06319599980258701,-0.38577518062950045,0.7054197390693953,0.5662106855250679,-1.1554940239780451,-0.03974272437521384,0.49444209441320364,1.2819284281266934
numHidden 	5
numGenes 	48
minGene 	-3.0
maxGene 	3.0
popSize 	200
maxEvaluations 	20000
mutateRate 	0.05
mutateChange 	0.1
crossoverProbability 	0.9
tournamentSize 	10
seed 	1586183849360
random 	java.util.Random@626b2d4a
neuralNetworkClass 	class coursework.ExampleHillClimber
Training Set Training
Fitness 0.112206011251333