0.04979337657276309,0.13880742629966045,0.26072294349929837,0.12743750216383884,-0.4256934859348315,-0.5287359414999779,-0.7729584671590826,0.07826012016087668,0.07244843595303316,-0.27041917102723967,-0.15701570804613246,0.23019921840833832,0.022318384626977984,-0.34248356912998074,0.05981322832552087,-0.4260115127352605,-0.4373738131767787,-0.18888765036524824,0.1490042958098774,0.009520146045337956,0.14153635191294456,0.26090259779857367,-0.15317028474927624,-0.2265028323573362,0.5242877175229766,0.1832868184682248,-0.20303055654591556,-0.07066696410911676,0.15284876513411,-0.017499005676102505,-0.1517638585365233,0.17810466727751867,-0.6004473180418479,0.2089405359403193,-0.013161804124763851,-0.4810824798634007,-0.004628799879159207,-0.1957300367134833,0.13145590516086494,-0.5100334986672354,0.079807254803575,0.01283936980122729,0.05183206408965414,0.2709585741108217,-0.5504207466877648,0.12202486071763866,-0.06173649590354166,0.04591208584415194
numHidden 	5
numGenes 	48
minGene 	-3.0
maxGene 	3.0
popSize 	200
maxEvaluations 	20000
mutateRate 	0.2
mutateChange 	0.1
crossoverProbability 	0.9
tournamentSize 	10
seed 	1586183912416
random 	java.util.Random@626b2d4a
neuralNetworkClass 	class coursework.ExampleHillClimber
Training Set Training
Fitness 0.09874047799862869