0.42937844405749526,1.8043760877452824,-1.7364686212852387,0.05283988730344828,0.005237542302272219,-0.6424656505920998,-0.8730920595681544,-0.11491915105948838,0.7163556309056454,0.25659240366568803,0.5445672256130416,0.4840099572864046,-1.5873749836660251,-0.3548152044625511,0.038071991582609474,0.6570667568275492,-0.2772354042829094,0.5811216447720908,1.7326226419623971,-0.25838358402271955,-0.5102362378670693,-0.4459643467033352,0.21572706779495238,-0.9073502237878006,0.9645799984391334,0.9633368473868125,-0.2197536320251322,-0.912557871525209,0.01789927431287091,-0.8138800090470144,1.291476024956336,0.45274518552528664,-0.38193096104252944,0.32269515138913407,-1.3186919430253412,-0.16376898626495795,-0.725532295383837,0.745211323495121,-0.36206178968808855,-0.3679527662433585,0.7832118017192099,1.3253215878455116,1.2833290779185207,1.9145791167160633,-0.37412044000601985,-0.6782236487707727,1.022969123530801,0.1165658833587743
numHidden 	5
numGenes 	48
minGene 	-3.0
maxGene 	3.0
popSize 	200
maxEvaluations 	20000
mutateRate 	0.35
mutateChange 	0.1
crossoverProbability 	1.0
tournamentSize 	10
seed 	1586437863294
random 	java.util.Random@626b2d4a
neuralNetworkClass 	class coursework.ExampleEvolutionaryAlgorithm
Training Set Training
Fitness 0.06188380591216969