-1.090847735785799,-1.6649873724207365,-0.06658644714090711,0.32018243557346593,-0.5387461667406043,-0.03497504514238061,1.0028042617075914,-1.3675055561202776,1.8814300583224985,-0.5901809251950556,-1.373822259145287,-3.661501773381807,-0.3287765495047912,0.12046665162838094,-0.5747731422493417,-2.239621266839625,0.7144665806564264,-1.0378668222774095,0.4054591043340129,0.03414489595491746,0.8756357994835751,-1.284949740830445,-0.5428460998327647,-0.16689611571606966,-0.2540692724948682,0.9641889290907435,1.4918465255057023,1.2623037862638646,0.44335083368288497,-0.8167346901811282,4.106384013802515,1.6281035449917423,-0.9553179956368119,-1.2003038545346814,2.0644786927923136,1.108767447393776,1.32599828787711,-0.42868912430130357,-1.2161139810688069,1.609335267637435,-1.7728005659737724,2.238608587693786,4.073295160796139,0.4025808012507937,1.6818872742471258,-0.1427949745792914,-0.5689875356911459,0.504873050796618
numHidden 	5
numGenes 	48
minGene 	-3.0
maxGene 	3.0
popSize 	200
maxEvaluations 	20000
mutateRate 	0.35
mutateChange 	0.1
crossoverProbability 	1.0
tournamentSize 	10
seed 	1586438840840
random 	java.util.Random@626b2d4a
neuralNetworkClass 	class coursework.ExampleEvolutionaryAlgorithm
Training Set Training
Fitness 0.10425010200033932