1.27995820694811,0.5711983006057502,-0.9016264525188853,0.4331042259673711,-2.2096700847026227,1.0525924271369123,-0.10460009759000585,1.0677362223153337,-1.1868361675066703,0.506911202768189,2.216538872912893,-1.453480272742722,0.5672054945321889,-1.0217386389977947,-1.1983463910044745,1.3732860244826997,0.9332054429583677,0.9156600477815695,1.547503504871028,0.7157898283893445,-0.3888132306945642,-0.6148205398499393,-0.5495843309575335,0.551144123939517,-0.8399888177562378,0.9854641827901347,-1.470693860702808,0.4554151040669777,-0.24629626169268642,0.8333875794133556,-0.42814607007157246,-2.0317964743887256,1.295450628897254,-1.4737678031300945,-1.0981317604429068,1.1300704155839538,0.1780857464959365,-0.4521858244784577,0.5581717235271046,-0.6000283191180418,0.2449796442906031,0.3733385024258392,-2.909448295922883,0.44486840174319553,1.1465061031820154,0.1348007915752173,0.2503571123987648,0.5600771590988667
numHidden 	5
numGenes 	48
minGene 	-3.0
maxGene 	3.0
popSize 	200
maxEvaluations 	20000
mutateRate 	0.35
mutateChange 	0.1
crossoverProbability 	1.0
tournamentSize 	10
seed 	1586870341297
random 	java.util.Random@626b2d4a
neuralNetworkClass 	class coursework.ExampleEvolutionaryAlgorithm
Training Set Training
Fitness 0.06834095059934