3.278864475067326,1.6275417411194146,0.5670174580682494,0.9272906345290766,0.03366361376416887,0.14972141203327294,-0.8802526312272565,0.3436649000676644,-0.791458771516895,-1.1484707123148414,0.8980573196672208,-1.546473484947763,0.44505685724048316,-0.27676358420752745,-0.5235259047605831,-0.18640987109972396,0.3563485983356999,0.8497335891817981,-0.1839413312699983,-2.0817321724905673,0.022229249093598996,1.2320646740279217,-0.34644647751857494,0.45668459746198126,-0.2905558792875034,-1.295103192564156,0.2732470499548736,1.2312752972396268,0.49292460074882327,1.2079993262676074,-0.031925521908360704,-0.8529885055473303,-0.1588578369059001,0.1697880631596389,1.8876903123075288,0.4870544827843255,1.2508455752045111,-1.6273754303320593,0.36075918934439266,0.09155589801472927,-4.6262923589173415,-0.8395052446237661,-1.0098432643086999,0.5632718887182254,-0.8377815489159776,0.3794090742445822,1.5641918749348016,0.37775913179679976
numHidden 	5
numGenes 	48
minGene 	-3.0
maxGene 	3.0
popSize 	200
maxEvaluations 	20000
mutateRate 	0.35
mutateChange 	0.1
crossoverProbability 	1.0
tournamentSize 	10
seed 	1586447137138
random 	java.util.Random@626b2d4a
neuralNetworkClass 	class coursework.ExampleEvolutionaryAlgorithm
Training Set Training
Fitness 0.05567615330569467