1.5618718505296854,0.7271263133385473,1.1891089899179195,1.1419143355488357,-1.58043297451052,1.4601860470839059,-1.0594326573122768,-4.469235346074146,1.622082052576115,2.0135075861950966,0.9236480101658384,0.6915492222403128,0.40538353050290643,0.6785268417499997,-1.8346889855989947,-0.19399185930964757,-0.8563995971361481,-0.45531506040155406,1.271591355882437,1.2236154217072261,-2.6017744419438014,2.24849539210253,-0.09439865964734959,1.8970230181478025,0.34989571414849585,0.5626045037241993,-1.5781219493070249,0.35148468132420285,-0.7806011443473608,-1.834043374997619,0.39927124374225365,-2.397708300376908,0.9217248363668863,0.5129932729829993,-0.5010042334492747,-1.294304129212732,1.4683481698375906,0.2791315993150372,-1.3109486816882372,1.1146929142813402,0.09034211839118347,1.3590690554146951,-1.4081736507510791,0.6773714514498734,0.6059327076925848,-1.0100818504717068,1.3840970438345805,-0.960589394289195
numHidden 	5
numGenes 	48
minGene 	-3.0
maxGene 	3.0
popSize 	200
maxEvaluations 	20000
mutateRate 	0.35
mutateChange 	0.1
crossoverProbability 	1.0
tournamentSize 	10
seed 	1586437779883
random 	java.util.Random@626b2d4a
neuralNetworkClass 	class coursework.ExampleEvolutionaryAlgorithm
Training Set Training
Fitness 0.025165340352478624