-1.5987198373856821,0.003069149508962421,-0.7723804287786662,2.2186734417586242,0.36966145410937107,-0.6393305041894641,-0.31091907165494737,0.09999020898954503,-0.3632238401622797,2.4302331672939133,-3.5929015264860444,0.05912994163462647,-0.5740091204286816,1.7780168278797324,0.21717237022126426,0.009421925242723535,-1.2638301931933804,1.067690984600513,0.8608963881915043,-0.34145738908131085,0.23002367065472318,0.36276865611447373,-0.4037719072277153,-0.1924554850298265,0.5011608974566688,0.18025940639304827,0.2264427052344435,0.6196468981280383,-1.5846670055647123,0.11764720644069043,-7.929965924563464,5.993619577022071,0.9335237900347007,-0.38761569394835105,0.021003362155517784,-1.6369919956423176,-1.7367231869207598,0.33124756918318154,0.3827500290191674,0.2928963436225593,-0.4479200162704262,-0.12932639956954464,0.5460685402845207,-1.0576044781851541,0.7217574285483888,-0.35129358147226636,0.8159753940607617,-0.03115892109646609
numHidden 	5
numGenes 	48
minGene 	-3.0
maxGene 	3.0
popSize 	200
maxEvaluations 	20000
mutateRate 	0.35
mutateChange 	0.1
crossoverProbability 	1.0
tournamentSize 	10
seed 	1586438079067
random 	java.util.Random@626b2d4a
neuralNetworkClass 	class coursework.ExampleEvolutionaryAlgorithm
Training Set Training
Fitness 0.03781960261980427