4.865884636402515,-0.09084568570495408,0.4047231209354866,1.3637596440090825,0.9632082694005911,1.0364910724458027,-0.07828637222417054,-0.6558497252411877,-1.7292107479484597,0.5182955553949402,5.560140384271442,1.6267632056589691,0.33831123947897346,-0.47339188697621054,0.44793443490411594,-1.0940514864028248,-0.03253778669135381,-1.3832128158012735,-0.884951234565291,-0.4262396193271005,2.0660429255921056,-0.5485415750787199,0.7253721607052024,0.4617452175474318,-0.6520161750254299,-0.3164914373701456,-1.3261813588862532,-0.12058562166859421,2.0628457257338804,0.2814574936584485,1.8123919179714831,-0.03711658815396629,0.00862712974401432,2.3717252132873208,-1.0064226358892063,-0.6223030101801459,0.036680813533871266,-0.3852025357377703,-1.0001372051178161,1.2434254949192427,0.24040392666275756,-0.8920718645272869,-0.05681963004063299,-2.8364839643981377,1.3176431647724374,0.5329770890764798,-0.8862563159126953,0.26581709516011076
numHidden 	5
numGenes 	48
minGene 	-3.0
maxGene 	3.0
popSize 	200
maxEvaluations 	20000
mutateRate 	0.35
mutateChange 	0.1
crossoverProbability 	1.0
tournamentSize 	10
seed 	1586447097138
random 	java.util.Random@626b2d4a
neuralNetworkClass 	class coursework.ExampleEvolutionaryAlgorithm
Training Set Training
Fitness 0.028243526296940564