1.20448670846432,1.8353283374037161,0.45540426879864965,-3.5687759510646684,-2.2731744257279862,-2.339278992139269,-0.6119376840315327,-0.2504567821380814,-0.43785304155346183,1.5599903829536865,6.6501286930458505,1.6364747704911382,-0.28294047467620564,0.09373477439786629,1.4038799685014367,2.0119655853376215,-1.078036100322044,0.13118938619723464,-2.122172388054725,1.5433224634039906,1.2993291606467077,1.1817189286735341,-0.0078013126090469165,0.8280601512850414,0.22250531189862838,-1.02002938627531,-0.40082480023841904,1.0578121242888407,-1.7461990483638257,-1.2952511836078755,1.8896909230632366,-3.9831504175727837,-0.4496171154133769,7.562670352164205,-7.42998525300427,-1.0478661074253606,0.6423541113978004,-2.4342077941235303,-1.2779033543069778,0.04854155212320399,0.48206711944270453,-1.2642296025471587,-2.0159934727109956,3.6810146146803104,2.253680328417344,0.6330672494987615,0.5675480753963322,1.3355000425676793
numHidden 	5
numGenes 	48
minGene 	-3.0
maxGene 	3.0
popSize 	200
maxEvaluations 	20000
mutateRate 	0.35
mutateChange 	0.1
crossoverProbability 	1.0
tournamentSize 	10
seed 	1586437820607
random 	java.util.Random@626b2d4a
neuralNetworkClass 	class coursework.ExampleEvolutionaryAlgorithm
Training Set Training
Fitness 0.025565506383029592