-0.05218675457674349,-0.6343312937267445,-0.13504828939670702,-0.37946957568446193,0.15512606637710083,-0.4616858622681646,-0.08258125300672367,0.17673745596106372,-0.23757361681688938,0.46395753880837365,-0.44190072534948927,-0.5100599302751267,-0.13701995473454467,-0.27269138591187114,0.2538147990821681,-0.35593589743573073,-0.0039428185320146275,0.48706652000445544,0.30488612844069585,-0.046949230512868784,-0.2833665115173106,0.14043900213916394,0.16682920941984686,-0.2644068009588152,0.5692473771699299,-0.5895951052647412,-0.8224353995970134,-0.38211885829561065,0.2565067058202368,-0.06113875426496848,-0.1279541850801827,0.6491906972146717,-0.5276697294758351,-0.9505167666685668,0.47654419929284486,0.4031469945423194,0.17498733111281817,-0.13980703545146095,0.8251424198529419,-0.056035791366554705,-0.5004337606785648,-0.523989534072881,0.11891509790283447,0.3654497635569173,0.5198498585743753,-0.6477084723890624,0.40660155160134703,0.3616126379574204
numHidden 	5
numGenes 	48
minGene 	-3.0
maxGene 	3.0
popSize 	200
maxEvaluations 	20000
mutateRate 	0.35
mutateChange 	0.1
crossoverProbability 	1.0
tournamentSize 	10
seed 	1586184221946
random 	java.util.Random@626b2d4a
neuralNetworkClass 	class coursework.ExampleEvolutionaryAlgorithm
Training Set Training
Fitness 0.1014670909381317