-1.3420099002794004,-0.3723973758911466,-1.2346794571337067,1.6342166215586187,-3.803407076712779,0.6186989306984141,-1.0986746379055212,-0.9113303733528981,-0.9432115731056983,-0.03852205085610101,-0.8523059954747294,-0.09497475304061545,-0.5691253338885969,7.254023103751146,-5.557870259668695,0.23535157245660726,-1.6728853195689029,-1.2580089324389832,-2.157581575677418,2.130408534799609,-0.2968830168454371,1.4685877280199777,1.041236923197197,-1.0140017585143664,-0.7723281450385042,0.8884013252800749,0.2807544924076971,-0.9873240412020343,-0.06489158463666612,0.45734883518918057,-0.18514362642039484,0.2857704277047613,-0.5006678047050264,0.8488939933123935,0.6798149960805702,-0.6577342262329795,-0.6580255139923794,1.9344065423222756,-1.2545409722974665,3.2261102984750707,-1.0687672882276105,-0.7710928137946111,-1.349379535012957,2.485845986816307,0.818640976306438,0.4887409792121489,1.1535827916684651,0.32836104284768697
numHidden 	5
numGenes 	48
minGene 	-3.0
maxGene 	3.0
popSize 	200
maxEvaluations 	20000
mutateRate 	0.35
mutateChange 	0.1
crossoverProbability 	1.0
tournamentSize 	10
seed 	1586869833120
random 	java.util.Random@626b2d4a
neuralNetworkClass 	class coursework.ExampleEvolutionaryAlgorithm
Training Set Training
Fitness 0.061666050653062035