-0.604767264971819,-0.14284677408082475,1.2318695704635663,0.09942995960527957,-1.6198646633129674,-0.7913862795544054,0.746831244305447,4.059074994455942,-0.07788631590578998,1.010455627981977,-1.8008241780227319,0.2808034070417643,0.1984807901727874,1.0552490797512841,-2.417669345203354,-1.5158068686812691,2.903756818732548,0.6756708424204785,-0.7337575167132939,0.12189299433436886,-0.21705197875320292,-0.35282924998424947,-0.48052290543105514,-0.6191656712990468,-1.2148426665007486,0.14054579839039338,0.8603859797700113,-0.8528846233204983,0.18044122178109637,-0.527382048720483,-2.3350708780223606,-0.5655413094368773,-1.8318258090984312,-0.695980489423594,-1.2408591492295973,1.2757016767361042,-0.3294419150851257,-0.9905693848062379,0.6453727051062315,0.4456807446913311,-4.20547204129462,-2.712999265583961,-0.6177544017532641,1.3116902864121722,0.7188674010030895,0.3635754726221587,0.8302006251895859,0.3744806595630923
numHidden 	5
numGenes 	48
minGene 	-3.0
maxGene 	3.0
popSize 	200
maxEvaluations 	20000
mutateRate 	0.35
mutateChange 	0.1
crossoverProbability 	1.0
tournamentSize 	10
seed 	1586870674755
random 	java.util.Random@626b2d4a
neuralNetworkClass 	class coursework.ExampleEvolutionaryAlgorithm
Training Set Training
Fitness 0.010662536185617568