-3.7501689002149603,-2.6518008175017633,-0.2253240572990044,1.6496332862662597,0.1765117200617672,-0.2769125249875465,5.543052722937253,-0.3417857817972275,0.8720582894690462,-2.889671603725314,-2.123778570079109,-0.5851749984022756,-0.43772153573397016,0.561174085222935,0.455051749797434,-1.986719438856046,2.7944627063846355,0.5652396919823339,1.6372913047625546,0.21126974138683174,-1.1669136573009196,2.845646526588512,-0.486630676204721,-1.5228561559778353,-0.7423717627383802,-0.0938891691678849,-0.7165148399722873,0.11386167613422084,-0.45512185601570343,-0.5384161177700104,-6.976129987184393,3.4450127294781905,-0.24944714137443058,-1.6119573933209876,-0.6746756921806423,0.9975095440529471,-0.15968887727958186,-0.7803492489909487,5.833985532021012,0.9420010118890689,-0.42329997846530043,0.45199465526528615,0.16043350006669854,-0.7747309358591513,-1.2749936749006991,-0.3153725533258628,0.03170111871481542,-0.986942610172479
numHidden 	5
numGenes 	48
minGene 	-3.0
maxGene 	3.0
popSize 	200
maxEvaluations 	20000
mutateRate 	0.35
mutateChange 	0.1
crossoverProbability 	1.0
tournamentSize 	10
seed 	1586870262275
random 	java.util.Random@626b2d4a
neuralNetworkClass 	class coursework.ExampleEvolutionaryAlgorithm
Training Set Training
Fitness 0.024329882460890823