-0.4918501388659218,1.4825742836630704,0.5253701895921663,0.8430397796435731,-0.7712160006534875,1.9572457609742155,0.2328310559289694,-0.9765940416439176,0.892012765815074,-1.2389832362155375,0.6603417654392769,0.14664536811541706,2.428245073696127,-0.5201473111754882,-1.1224627036134804,0.7285389567315244,-0.3257752909108056,0.22953699080534323,-0.6456104557486739,-0.9341829759997166,-1.7934637115148115,1.2464606836244325,0.8737916322997505,1.1267849097028049,-0.01493447151793687,0.19171745456776731,0.4619945824277733,0.25910702860945234,-0.25694832012817576,0.6753165125560775,0.13262767017079968,-0.3260904424782411,1.6131497534678176,1.744953441276608,0.5584817740649499,-0.36316069552224434,8.68562148967496,-1.4349872186324575,-0.3338841561416745,0.7725529382725282,-0.23552820838264,0.8276789723126718,-3.650902501187547,-0.10382342518633146,0.49620421336130216,0.2191738620798761,1.2008322783501875,-0.7484599000043787
numHidden 	5
numGenes 	48
minGene 	-3.0
maxGene 	3.0
popSize 	200
maxEvaluations 	20000
mutateRate 	0.35
mutateChange 	0.1
crossoverProbability 	1.0
tournamentSize 	10
seed 	1586870648364
random 	java.util.Random@626b2d4a
neuralNetworkClass 	class coursework.ExampleEvolutionaryAlgorithm
Training Set Training
Fitness 0.08769192731796496