-0.2705889936642688,0.3521355443503299,0.030645072601657525,-0.31156402797156035,2.8553947362864807,2.107271996982597,0.9779090233532561,-0.5801703007709057,0.8681208735391991,-0.6530888975980913,-0.8667780380141923,1.6411134296425685,-0.8104498745596231,-2.0356341635155153,0.057555412224816443,-0.7773827208452255,2.2692366595052262,2.065867413688617,1.9182665786304898,2.426735617751567,0.6690490606792929,-0.5643611029176447,0.196549037139058,0.3824020461761246,0.6102182639640001,-0.41258541491087536,-0.6729885449378809,0.5297909687428355,0.8428325830501763,2.203895004033007,-0.11949577632360414,0.12574343202614952,1.1858397551176687,-0.6262520544535952,-1.6390294347798138,1.5185777785440502,-1.9055008667728572,2.103189843972986,1.3975838117578987,-2.4667895445457884,0.5842337669152233,1.623842591338668,1.3579309295677209,-1.0655092438812748,-0.5242782224044646,-0.2177527469102412,-0.7339591279482722,0.015251762942614704
numHidden 	5
numGenes 	48
minGene 	-3.0
maxGene 	3.0
popSize 	200
maxEvaluations 	20000
mutateRate 	0.35
mutateChange 	0.1
crossoverProbability 	1.0
tournamentSize 	10
seed 	1586437967494
random 	java.util.Random@626b2d4a
neuralNetworkClass 	class coursework.ExampleEvolutionaryAlgorithm
Training Set Training
Fitness 0.028361314643681464