0.6210517285043028,0.0841712283658998,0.0631725883538439,-0.2759319688257075,0.7718572099961887,-0.04403179164228902,-0.16418468062499458,0.6164976103776464,0.6247714831142503,0.2618845669567555,0.5867892868700086,-0.008205941815616374,0.23338705269025384,-0.22751912667864563,0.45403787557349495,0.11376383383372277,0.7479131195642721,0.0908228453023321,0.45221185975992323,0.31527828031412336,0.6119016531626552,-0.21479119566697585,-0.39888559964035475,0.4946868133150868,-0.5094341899565157,0.15227825921089047,0.12531554981870446,0.37770816792299094,0.021371249658480418,0.11933421792974588,0.47414063956122865,0.487951466984189,-0.2514089098861742,-0.1447908705785917,0.5666756520511753,0.1597996286080106,-0.0791942656802581,0.2675725391690707,0.06949397201843355,0.14213617623097596,0.22016100348564605,0.6282239747947342,0.2431517059120309,-0.12275070544124977,0.6608146277644318,-0.1767788116631298,0.5119886789850987,-0.15289666636883384
numHidden 	5
numGenes 	48
minGene 	-3.0
maxGene 	3.0
popSize 	200
maxEvaluations 	20000
mutateRate 	0.35
mutateChange 	0.1
crossoverProbability 	1.0
tournamentSize 	10
seed 	1586184138690
random 	java.util.Random@626b2d4a
neuralNetworkClass 	class coursework.ExampleEvolutionaryAlgorithm
Training Set Training
Fitness 0.12628550543245687