-1.4517176977282165,0.5583000298387573,-0.8367084950099346,-0.16573030469573408,-0.621029285995788,0.9001241771686778,-1.67722166929993,-1.1017097398643787,-0.6226294620480473,-1.2873259205653182,-1.3301661955625084,0.6288969758209335,-1.2211065585594563,-1.64825771366734,1.3519586950403744,0.7455516343543609,1.3943356508397131,0.6871900379756983,-0.7512184654051745,-1.3478558629946988,0.4340471243046206,-0.6361990657120145,-0.08494983408138243,0.42601679801920866,0.708659998386197,-0.4486239011429315,-1.4181860942650917,-0.35767892372483606,-0.41168687295916967,-1.5980018252158674,-5.69586045025859,4.110388387312568,3.2985702954103626,-0.3419566944278187,-1.2315967903441243,0.7721784989504628,0.8359872934610637,0.7557168709479214,-0.17522764565677612,-0.3455380867241618,3.258819402389201,-2.606448886136285,0.2636298215285352,-1.2785670743029554,-1.7344875290892376,0.4287545981104679,-1.3509692537036773,-1.6155593541324103
numHidden 	5
numGenes 	48
minGene 	-3.0
maxGene 	3.0
popSize 	200
maxEvaluations 	20000
mutateRate 	0.35
mutateChange 	0.1
crossoverProbability 	1.0
tournamentSize 	10
seed 	1586871021190
random 	java.util.Random@626b2d4a
neuralNetworkClass 	class coursework.ExampleEvolutionaryAlgorithm
Training Set Training
Fitness 0.06766569646803813