-0.9345470129485705,-0.37650351296347717,0.38933169125330935,-4.66243435408019,-2.3992220558440147,-1.0557109555906505,0.3513168589944682,0.21466182573536557,-0.32196444910736244,0.5981267614286563,-0.04009772212710459,0.27137019888285885,-0.9812053080738847,-1.6157293608557919,0.28893418875173876,-0.8786619575154648,-0.29357540567409046,-0.042719548615815214,0.011664023868693148,0.6970887131187695,-1.0133143120463393,1.779016744256677,-2.1901925177562154,-1.2837067628028214,-0.7764702678200897,0.6205735020392118,-0.9058375718702305,-2.1538312860579123,0.10954152818536408,-0.6413260498533297,-4.650367583222797,-1.3218285698377956,-2.621303285400719,6.485619250989024,3.9774917037826114,-1.6515241168235302,-1.251975733611454,-1.2588740711876085,-0.18954497082441424,-4.964714786160855,5.85106603957346,0.2139898678403876,2.2787817952701124,1.8074693750029511,0.6403298761607958,-0.8220321585658386,1.1146496374079078,0.008245745414702629
numHidden 	5
numGenes 	48
minGene 	-3.0
maxGene 	3.0
popSize 	200
maxEvaluations 	20000
mutateRate 	0.35
mutateChange 	0.1
crossoverProbability 	1.0
tournamentSize 	10
seed 	1586437933291
random 	java.util.Random@626b2d4a
neuralNetworkClass 	class coursework.ExampleEvolutionaryAlgorithm
Training Set Training
Fitness 0.02558357037844494