0.06965203728643143,7.728349639195187,0.15563967353271285,-0.11226118584692305,-2.6152645543594657,0.8919596618644723,1.2432640981465308,-0.0871930699209682,1.299485588531152,1.724505264330475,1.7253072222598296,-0.4562452298934616,0.29963090588025476,-1.0828016956230093,-2.434171854247551,1.2869691025912644,-0.7048746311123466,0.30672779776873116,1.4409301574410236,-0.931215540069726,1.0197773692889558,-0.47020370011706114,1.3485531101866606,-1.2863102042351442,-0.35865148670770064,-1.6103962312099274,-0.3703708561540082,-1.1425665314773341,1.065738843375192,-1.7158002107244719,-0.9882959410929495,-1.476852061957087,0.9404883874554937,-0.7191230332350649,-2.0235149937116357,0.1856096868903947,-0.22550968621623868,-0.10169113273227304,-0.30480898954497937,-3.261183131045799,0.15858557635453485,1.5410143649712826,-1.4257621556511193,2.6202718590046072,0.04446600560669681,-0.2057580194403696,1.7246286077028592,-0.4085773980957864
numHidden 	5
numGenes 	48
minGene 	-3.0
maxGene 	3.0
popSize 	200
maxEvaluations 	20000
mutateRate 	0.35
mutateChange 	0.1
crossoverProbability 	1.0
tournamentSize 	10
seed 	1586438047230
random 	java.util.Random@626b2d4a
neuralNetworkClass 	class coursework.ExampleEvolutionaryAlgorithm
Training Set Training
Fitness 0.04343935432808511