1.6856296728383013,-1.9400612327720288,-1.1141709701402922,1.0783423255854045,-1.9791192624657208,0.2100531353797615,-0.06051035643994767,-0.18098543974895245,0.8441185359184742,0.5902673250270707,0.8599163399531167,0.6124979157833679,-1.0489311856464223,1.4414836914357028,-0.5500061524760496,1.5932316472816264,-2.307802133232482,0.9334261722351742,0.6139583276516338,-0.18893695791878462,-0.8143595638355023,-0.16720812378102728,-1.8484951624092814,-0.38299957845304167,-0.020273070782930003,0.013304555555307752,0.7673482599852719,0.10616782115428777,0.05819909050116391,0.8971087969640166,0.8477039624650866,0.4818692247744897,0.11695094300830092,-1.6946531856358054,-0.7359777510992747,-0.13690218686517897,-2.06963743601885,-2.250595897899298,0.7554419435262756,1.267185188698775,-4.026626732364133,0.7370053128008744,0.4138193495761641,0.6991709382470033,0.234067839510115,0.5633271328036699,0.13113644960110704,0.6099002634295658
numHidden 	5
numGenes 	48
minGene 	-3.0
maxGene 	3.0
popSize 	200
maxEvaluations 	20000
mutateRate 	0.35
mutateChange 	0.1
crossoverProbability 	1.0
tournamentSize 	10
seed 	1586870920174
random 	java.util.Random@626b2d4a
neuralNetworkClass 	class coursework.ExampleEvolutionaryAlgorithm
Training Set Training
Fitness 0.07501730464566536