0.7096034317065458,1.109257724108128,0.6403101376346587,0.9378376635332688,0.16137434048370142,0.3764661423235909,-0.6220181851590738,0.9702669603955585,0.06278743270993711,0.6034607320363938,0.6576736462047301,1.1485156443525328,0.1597428110672609,0.4884776826025232,4.703104954127056,-1.113859893918114,0.07929383430397768,0.8975028287905473,1.7135730887506611E-4,-1.3020845589721861,-0.052956059066498445,-0.566472380988144,-1.2667301489550433,1.160308082152424,-0.6764926768137283,0.13932362313015556,0.4298756766777686,-0.08321226367358495,0.5948943790513057,0.7859901124037048,0.488216355823086,-1.0775210120011778,-0.7520663226798852,0.9271987760951412,-0.44709350474831966,-0.2783554705268866,0.783510584606014,-0.3078659156525707,0.7796721566023286,0.11487431300427592,0.16847289369626545,0.595692784394507,0.5882979717542458,-0.07738771728407237,0.11428435107487742,0.19559058615773212,0.3670094602017905,-0.15649226285636564
numHidden 	5
numGenes 	48
minGene 	-3.0
maxGene 	3.0
popSize 	200
maxEvaluations 	20000
mutateRate 	0.35
mutateChange 	0.1
crossoverProbability 	1.0
tournamentSize 	10
seed 	1586870465573
random 	java.util.Random@626b2d4a
neuralNetworkClass 	class coursework.ExampleEvolutionaryAlgorithm
Training Set Training
Fitness 0.06662343227688428