-0.36688126814015254,-1.4643986047046387,-0.9245501373282765,1.4166305686603538,4.273592496041115,-1.87564444484436,1.0832516809047852,-0.12592917243017188,0.3895959146498925,0.6583157674002436,0.18575299373135085,-0.052064085982890806,-0.6862289352356981,1.6898494814004557,1.851494852727084,-1.114753717265595,-0.6236736038286667,-1.0760629472994698,-1.1949275514127944,-0.10275002037278191,-0.5690910850597128,0.5198386669885352,2.0344017948932307,0.7592263385479976,-1.003371748708595,0.16221047536688704,-0.11431826353879762,-0.7819181489668152,1.029240516530114,1.2180154888149362,-1.280012745426424,-0.18210892424734448,-1.5001179190603944,0.14264441616315807,1.1487599796622319,0.9192966501041452,0.9092388455128853,0.3109752741406865,-1.1869749930578988,-0.05095745152236242,-0.9863438160677377,-0.8760369442563731,0.8309593101639495,-0.22393848143865513,0.017889803239684587,-1.2601417892384237,1.1318869917775602,0.1050440346410948
numHidden 	5
numGenes 	48
minGene 	-3.0
maxGene 	3.0
popSize 	200
maxEvaluations 	20000
mutateRate 	0.35
mutateChange 	0.1
crossoverProbability 	1.0
tournamentSize 	10
seed 	1586437011594
random 	java.util.Random@626b2d4a
neuralNetworkClass 	class coursework.ExampleEvolutionaryAlgorithm
Training Set Training
Fitness 0.033061505553109306