0.7558876795144193,1.3613434681682577,0.6956858920117679,0.10377924978224554,-0.035303974987167204,0.38693825057996556,0.8695385167809174,-0.8505494034972383,1.5741631703827,0.7153424665116714,1.0282347659410955,-0.7650915362532607,-0.3263107905174906,0.8847482661088313,1.5272476890982685,1.1766985701591062,-0.3046048262570967,-0.9873944241851154,0.7739102341836428,-1.6937443439057702,0.6592159766531496,1.4026904553993593,-0.03737777266655786,0.6084896059976763,-0.09472132732461615,-0.2987113689832025,0.6398293645562089,-0.6167837997312673,0.30581476605356067,-0.05843673819002708,3.3338663821466,-1.9254965821492958,0.28518872657848093,0.18903593942116387,0.5152522355329407,-1.2488264969289586,-0.4605950404777849,0.6520759178680781,-1.4474344105917203,0.6978547267820119,0.22695573554297568,0.8455910239151342,0.018691324885646052,-0.8753675260939024,-0.9937084956712589,1.14667433958379,0.005022078723677024,0.9132279525438574
numHidden 	5
numGenes 	48
minGene 	-3.0
maxGene 	3.0
popSize 	200
maxEvaluations 	20000
mutateRate 	0.35
mutateChange 	0.1
crossoverProbability 	1.0
tournamentSize 	10
seed 	1586870233180
random 	java.util.Random@626b2d4a
neuralNetworkClass 	class coursework.ExampleEvolutionaryAlgorithm
Training Set Training
Fitness 0.0963199583397783