0.9688634605727995,0.4704940826596822,-1.6985302916842095,-0.9934336422075734,-0.27894193789225735,-1.8723140316803615,-0.8470554067580175,-0.8985142087558415,0.8128654139211106,0.5434413096738604,-0.45083971129367867,0.6811633323582555,-0.48806358111267967,-0.36977818947114705,0.1835146222876326,0.34880884646601906,0.1833405784399621,-1.0606956802834975,1.3626200029478166,-0.4022151464853501,0.5947703844769268,-1.0711326039752649,-0.1297975819637156,-0.2971408327109343,-1.2729653317261955,0.6974707858710583,1.5929291290771563,0.8728650224185937,0.6961650259563152,-1.9553355744374266,-0.09981319354608087,-1.3211869070115196,-0.7564091877232074,-0.7063753705969505,-3.5344458714196936,-0.023533058889832183,-2.802101346907743,1.5910366766541868,-0.6882719721439592,-0.07830284201465992,-0.9796036749729582,1.6192724542879833,-0.9983511271035178,-1.4625858914552585,0.29786516599739343,1.050732439777525,0.7837878433013299,0.2874749099658472
numHidden 	5
numGenes 	48
minGene 	-3.0
maxGene 	3.0
popSize 	200
maxEvaluations 	20000
mutateRate 	0.35
mutateChange 	0.1
crossoverProbability 	1.0
tournamentSize 	10
seed 	1586870705919
random 	java.util.Random@626b2d4a
neuralNetworkClass 	class coursework.ExampleEvolutionaryAlgorithm
Training Set Training
Fitness 0.039850336152187894