0.4171478760658633,-0.21744747945071263,1.9214149937306273,0.3726096016376477,2.671821022333735,5.823730525449175,0.30367477351795513,-0.6934982751887593,-0.734086507099939,1.6761537379652458,3.6371293217505176,0.11368952486532855,8.444686399921475,1.636626177701039,1.6896527607753664,1.4827743072016666,1.9067537666076781,0.459903369187946,-0.34858287585455006,1.8674626557074707,-1.1793992817048577,0.23742527766039728,0.5597050982767877,-0.4155118044250279,0.11977647145058441,0.2453810649646147,0.30809649383311966,-0.4518332405081945,1.150351071978923,-0.027040505975692665,-0.28289788143871375,-1.2005631138801096,0.8960485893338357,-2.374235037591195,0.21309576356961185,1.2741833663281672,1.3409438565308918,-0.6046052202401333,0.46836299379730406,1.1723557057658123,-0.5060200628760944,-1.6980562621697612,-0.8965934541502939,-1.2004708148693517,1.3006141375807065,-0.040885900230953204,0.8718833440871103,1.082788275595103
numHidden 	5
numGenes 	48
minGene 	-3.0
maxGene 	3.0
popSize 	200
maxEvaluations 	20000
mutateRate 	0.35
mutateChange 	0.1
crossoverProbability 	1.0
tournamentSize 	10
seed 	1586870304382
random 	java.util.Random@626b2d4a
neuralNetworkClass 	class coursework.ExampleEvolutionaryAlgorithm
Training Set Training
Fitness 0.010614672007799718