-0.06463125885419076,0.32591105786253627,-2.5013934132697715,-0.03221963189525437,0.6755403339684076,0.18108764060908583,-0.26367484247778733,0.2521082583211778,0.28338810217658483,1.6560901066431364,-2.2863730267701428,-0.930436464000217,-2.0201125714896424,-1.991008141158543,0.17290562614500976,-0.6942391432314348,2.167971313694493,-1.0470133797457586,1.1668465900553968,0.16234867717709428,0.5643380916451168,-0.28331919181717824,1.0868406678295108,-0.7699089755799235,1.2286481124628637,-1.2408010538256504,1.952554445081892,1.1402333338582906,0.9551986210194254,-1.48333039956163,-1.5586848432738925,0.3194281214194794,-1.2452589903276494,1.9655908557732817,-0.03387827825095563,-0.7183662438201586,-2.0416288351555067,1.078130970591889,0.28802843024816904,-2.56219804888042,1.4059690274782777,1.8235452038781177,1.6474541241796423,0.5341580645629005,1.4149771683910926,1.0418494335416444,-1.2987137347023348,-0.2627483726249188
numHidden 	5
numGenes 	48
minGene 	-3.0
maxGene 	3.0
popSize 	200
maxEvaluations 	20000
mutateRate 	0.35
mutateChange 	0.1
crossoverProbability 	1.0
tournamentSize 	10
seed 	1586438125287
random 	java.util.Random@626b2d4a
neuralNetworkClass 	class coursework.ExampleEvolutionaryAlgorithm
Training Set Training
Fitness 0.016436033828648184