-2.0516197709899466,4.357729997291436,-1.4881902971793484,-0.9474121133596027,0.6028803834046743,-0.5999980811334711,-1.5124702348152796,1.3277587340103865,1.3788648221538873,-1.2776260180509378,1.6805272737265677,0.6936235569533531,-1.437928348254569,-0.30924597865532477,0.4057017156530782,-2.385325578439236,-0.43882591190201425,-0.34526928680116153,-0.04259693956175088,-2.095393724664439,-0.14661810540321285,-0.3943492212060339,1.4243173822955155,-0.43620530651973966,-0.926367041812141,0.46096554447458016,0.6567948498594691,-0.166620071322349,-1.4430792189700048,-0.295968623948215,1.1261956077301885,-0.47111957458341214,-0.10362608697767112,1.3899638340388911,-1.1111734548796959,0.12877488622854333,-1.581711878852377,0.5986627483445055,-0.45998966466651914,-0.2391917019096563,-0.055690832810176866,1.519154085376496,-1.1226488385550155,-1.718340064759352,-1.020373496282764,0.6627898898187556,-1.0207121340597176,1.0954838936215885
numHidden 	5
numGenes 	48
minGene 	-3.0
maxGene 	3.0
popSize 	200
maxEvaluations 	20000
mutateRate 	0.35
mutateChange 	0.1
crossoverProbability 	1.0
tournamentSize 	10
seed 	1586438878978
random 	java.util.Random@626b2d4a
neuralNetworkClass 	class coursework.ExampleEvolutionaryAlgorithm
Training Set Training
Fitness 0.06920352171799142