-2.533404431646538,0.31217230370391635,0.3169141218841739,1.8601947336742715,-0.6428778911729768,-0.5598123949083676,-2.244190353667257,0.8583755098589151,0.5950582008575238,-1.9799006196533295,0.42276570443199646,0.42873093709978194,0.7625748426689463,-0.20728350627983,1.6211205650795542,1.952679375518291,2.498174149326869,0.5221451475440764,0.3023984826857903,0.28321459071480576,-1.0605053941357305,-1.4912327806036312,-1.658770047633082,1.3481110208920004,1.4252646535555884,0.6821317231707353,0.004998139557245455,0.34282876636108256,2.0393109351865486,-0.5995239127593637,-2.8837924061626943,1.5864481119804923,0.20687316305956938,-1.5109457052724944,-0.879914636366341,-0.13009470419939972,-0.822636635343903,-9.224265921322313,2.2464819317324487,0.509170620366403,0.1830081151180744,-0.4722790281768247,1.6060161206783332,-0.24023574745369577,-0.9232071873730152,-0.24372833358258758,1.0634601903484273,0.32117084637349724
numHidden 	5
numGenes 	48
minGene 	-3.0
maxGene 	3.0
popSize 	200
maxEvaluations 	20000
mutateRate 	0.35
mutateChange 	0.1
crossoverProbability 	1.0
tournamentSize 	10
seed 	1586184999768
random 	java.util.Random@626b2d4a
neuralNetworkClass 	class coursework.ExampleEvolutionaryAlgorithm
Training Set Training
Fitness 0.07367377295369915