2.530261070545193,-1.5167484036378824,0.5181244182526696,-1.0263729875174632,-0.5544144879993317,0.1474420460761145,-0.5878952873816898,-1.619871086907521,0.06276202315266696,-1.6945433876647638,1.4620111609112225,0.17025836753575774,0.08742417624105206,0.3023958224768778,0.38838155448515166,-0.055997276493096174,0.6126663617999624,-0.4518372373950563,0.2468741127332884,0.547682097722769,-0.5810183860893432,1.011695288015113,1.1162532472476534,-1.1237437111853013,-1.2179499120665325,0.2316196158291603,0.7266508269349232,0.4678856663533355,0.6464986624189035,0.36049544741152917,1.809442321469545,-4.352666605067133,0.4365767812630643,-2.0561390189352595,0.32726820457570094,-0.44338771146851963,1.373457563726093,-0.5808649615341428,-1.6490621983075378,0.7294477837020692,0.1462385961726707,-0.251110621245066,0.7682736639863261,-0.04748956779413627,-0.1039716918936276,2.442091187018222,1.0097525039539648,0.49650671281340597
numHidden 	5
numGenes 	48
minGene 	-3.0
maxGene 	3.0
popSize 	200
maxEvaluations 	20000
mutateRate 	0.35
mutateChange 	0.1
crossoverProbability 	1.0
tournamentSize 	10
seed 	1586870029906
random 	java.util.Random@626b2d4a
neuralNetworkClass 	class coursework.ExampleEvolutionaryAlgorithm
Training Set Training
Fitness 0.07914974537177039