3.484319323617158,2.0175019515137915,-0.7478009323259025,-1.981385051024968,-0.679175072362102,-1.0303096510356076,-0.6111117840064659,-0.47528232563009665,1.3421317505553487,1.2179566451728903,1.2128621894999936,0.9436049288593336,-0.40491802943498,1.1251491715807405,-0.4848715225447463,2.233374775089338,-0.3532495011293729,-0.7371606371036423,1.2072696304104849,-0.10724317228479918,0.8102420314456866,-0.26944816390059345,-1.5040337095295362,-0.9550823059975291,-0.690050155360691,0.4421723888362127,-0.49199504974187047,-0.4652470820797304,-0.7690094853274047,-0.8732245033204906,4.3598386409663625,-3.4880230936922376,0.10535888590396429,-0.46789984039050936,0.15693930306798548,-0.2631439188356862,-1.0680697244365023,-1.0553568014993298,-0.7461192406001089,0.6145285385125966,-0.7378667856758481,0.8257635604188368,1.9591074207121593,-0.19181622624400085,1.709076525066909,0.9671420103515929,-1.4008877938882724,0.8388605621720695
numHidden 	5
numGenes 	48
minGene 	-3.0
maxGene 	3.0
popSize 	200
maxEvaluations 	20000
mutateRate 	0.35
mutateChange 	0.1
crossoverProbability 	1.0
tournamentSize 	10
seed 	1586439015339
random 	java.util.Random@626b2d4a
neuralNetworkClass 	class coursework.ExampleEvolutionaryAlgorithm
Training Set Training
Fitness 0.05332606481746403