-0.05745936636145664,1.3237609333600164,4.814120704973802,-2.479730263494478,-1.016708426109611,-1.0735914412664207,-1.833213600411872,3.9574413230171124,0.0676187155251844,-1.40472380572676,-0.7833278809230244,5.1878280050466135,1.297813149960798,-1.0712455242922265,-0.4160131970854516,-0.6335147109002779,-0.995129948223926,-2.024460292574449,-0.08027573902711493,-0.4298181883433144,1.9148445824125262,-0.9597501521119015,-1.0102334046200385,-0.1855096111609114,-0.7762853483078345,0.543309370735015,-0.9707418730074229,-0.5769005321906044,1.9601193320000871,0.49913627164758306,0.061335264955965973,1.276889950940598,-1.8363989404733791,-0.07886405017708908,-0.1674943029441746,-0.1059766169726275,1.5010889808722718,-4.8147126552208634,0.6755756852666183,-1.4293785592028394,1.8848401837109447,1.1246513497468902,-4.515214478041417,-2.581646503910566,-0.49400900433703787,2.7272836489223926,-3.5602105664850714,-1.0422683442440752
numHidden 	5
numGenes 	48
minGene 	-3.0
maxGene 	3.0
popSize 	200
maxEvaluations 	20000
mutateRate 	0.35
mutateChange 	0.1
crossoverProbability 	1.0
tournamentSize 	10
seed 	1586870073327
random 	java.util.Random@626b2d4a
neuralNetworkClass 	class coursework.ExampleEvolutionaryAlgorithm
Training Set Training
Fitness 0.03907433013638753