-0.8561251292134712,-2.0930467523820875,-0.5241329167880108,1.03465803916822,-0.14067552672946182,-1.5714667765425117,-0.44521561671270415,-0.45128710432603,-1.331760612851991,-0.1466830622811135,-0.3076106224397084,-0.42015252890413074,-1.4374409006179718,-0.6994154505359971,0.94524111448931,0.36071554271703044,-0.4110261400253439,-0.9020665332726365,-1.0082526813211716,-0.33526368347837654,-0.5000738411313086,-3.5260896265496466,-0.29286889043129305,-0.683739446506614,1.79543542530739,-0.017524019413715397,0.5011166903461279,1.435949089532012,0.17103276777962606,0.3254291009512815,-0.8100286223493913,-0.5626713916697308,-0.756846202020796,-2.0570591117251427,-0.38217757950424247,0.32620444700461626,-0.0518909129468072,2.399984151041009,-0.2951468341609751,0.697121279303665,0.08720751127019061,-0.8681095202174862,-0.2637700823860722,-1.459304476520334,-0.9815938838567051,0.4450444828498432,-0.27476049094940447,0.42120279586566467
numHidden 	5
numGenes 	48
minGene 	-3.0
maxGene 	3.0
popSize 	200
maxEvaluations 	20000
mutateRate 	0.35
mutateChange 	0.1
crossoverProbability 	1.0
tournamentSize 	10
seed 	1586447194445
random 	java.util.Random@626b2d4a
neuralNetworkClass 	class coursework.ExampleEvolutionaryAlgorithm
Training Set Training
Fitness 0.10081835773586058