0.754581796225079,0.6923492805159239,-0.26623115536327857,-0.36436953382603915,0.7823797088241699,-0.24915169339979648,-0.15395148466159847,0.972903609068037,-0.936795977629627,-0.5830555437827035,1.1584898691704186,0.7568082766189519,-0.6569192278274807,-0.5706053997925757,1.739136254436301,-0.9088444001685057,0.3602715274694289,0.36773623133273403,0.5997192036159953,-0.5535330292394075,0.6798885432774313,0.5213846055833649,0.3129026055976991,1.166046408989814,0.49043060101947605,-0.5295770577828729,-0.6600066234668551,0.6906086122871121,-0.9773675556967226,0.24037572900148133,1.3366760734457601,-0.7022743847601343,-1.314553380508128,0.5554191742466537,-0.11053096589497091,0.7564873582878099,-0.17927399634207425,0.15235208656560206,0.38516384788614266,-0.3157997888987849,-0.03567259944858531,-1.071360330218323,0.7895680727292572,-0.005561962519072372,-0.3942755163743801,0.8764969915631007,-0.013926284714982362,-0.9245515047102395
numHidden 	5
numGenes 	48
minGene 	-3.0
maxGene 	3.0
popSize 	200
maxEvaluations 	20000
mutateRate 	0.35
mutateChange 	0.1
crossoverProbability 	1.0
tournamentSize 	10
seed 	1586184101412
random 	java.util.Random@626b2d4a
neuralNetworkClass 	class coursework.ExampleHillClimber
Training Set Training
Fitness 0.12732325282152374