-1.141627952182888,-2.0346812707171966,0.695291326727302,-1.5593012928794345,0.20792373998357633,0.567897604852154,-0.06322791464078538,-0.44619113798091875,0.03260235341479341,1.0067040583679647,0.2648281729762741,-0.46068589042118463,-2.041704786318467,1.1725975542896019,-0.6751814342258815,1.3775690577340103,1.2205113941798655,0.8681759372647897,-1.4049422777595628,0.639397207418554,1.8334108344405466,0.1227469543983202,1.0501780915583625,0.7225710823570959,-0.25527095475848366,0.184602241225527,-1.4500131042632083,-0.3074638731379413,0.8030675205409125,1.2148980611539686,-0.5118291009910845,1.4800757934401598,0.458805728265184,-0.46997569706655096,2.2290299530600715,0.19848199209729508,-1.122325576628847,1.372572804015868,-0.5682278613082605,0.2103483989711894,0.23993149888553308,-0.5463411287253996,-0.16456406499785065,1.064402392578721,1.1191697692283862,0.9332964479783874,1.3577212423227372,-1.1962714829920054
numHidden 	5
numGenes 	48
minGene 	-3.0
maxGene 	3.0
popSize 	200
maxEvaluations 	20000
mutateRate 	0.35
mutateChange 	0.1
crossoverProbability 	1.0
tournamentSize 	10
seed 	1586870981350
random 	java.util.Random@626b2d4a
neuralNetworkClass 	class coursework.ExampleEvolutionaryAlgorithm
Training Set Training
Fitness 0.08471694742337282