-0.06900668605055904,-0.3170361659160734,0.040848280027556555,-0.10430094663861669,0.06287491852019786,0.49117479630331123,0.29281407866419246,-0.5048491889993241,-0.1816745898053841,-0.3505828177706162,0.3928193462654742,0.15933681347584017,0.5346161343243143,0.4092319743203718,0.18526283057449114,0.41235912111275846,-0.22061414144351038,-0.49264716296845634,0.2786713963159582,-0.0013675662140444217,-0.03456352058889889,-0.01719758257132467,0.529259610652511,0.5639846645047855,0.2733883168412911,0.5712543773686068,0.24921667640047568,0.6950549893106394,-0.22666926780929228,0.3177363551672385,-0.698484823086984,0.35736663231131194,0.8165719665217042,-0.37064728659814294,-0.3663388892337661,-0.2611123168669639,0.5415077666956452,-0.18970872516317655,-0.5814186984356228,0.2326932377597127,-0.14381273839338238,0.259390691023784,0.4075460486937,0.29137735511781077,-0.193290342439816,0.16774001756045223,0.7695108356538581,0.11070608520855371
numHidden 	5
numGenes 	48
minGene 	-3.0
maxGene 	3.0
popSize 	200
maxEvaluations 	20000
mutateRate 	0.35
mutateChange 	0.1
crossoverProbability 	0.9
tournamentSize 	10
seed 	1586183964147
random 	java.util.Random@626b2d4a
neuralNetworkClass 	class coursework.ExampleHillClimber
Training Set Training
Fitness 0.12977068807875947