-0.8225123128024847,-1.0114542398256405,-0.8434391183519604,4.814813325159306,-1.0930797509910892,-0.14561447943414196,0.90323207884271,1.146403407707054,0.3645503151188171,0.5407252940145795,-0.46256100877650297,0.3413822295106944,-0.7295539894364653,4.290946168042179,0.805445229894759,-0.49035191818500834,-0.0735408603483786,1.4396417898453877,-0.26731202388693764,0.3823595154761811,0.38601838362317087,0.47676421886577114,-1.7017489526967666,-0.4679451589384881,0.4919678307322404,-0.6227439071067706,-1.8067440982349587,-1.1036656886254228,-0.6802626462803232,0.0739903543562582,-0.6817553734283672,5.436525080720373,-0.7775396974441555,-0.6678464963714668,-1.6664654129433538,-0.9804014301464119,-0.474182596684388,-0.1902730575662097,0.9687032828832982,0.38538161760685824,-4.403748469631653,-0.05632823829727283,-0.3003139463533442,-0.8089493292525662,0.9080016758437748,-1.2108372704910326,-0.9104367658719068,-0.27534949602602465
numHidden 	5
numGenes 	48
minGene 	-3.0
maxGene 	3.0
popSize 	200
maxEvaluations 	20000
mutateRate 	0.35
mutateChange 	0.1
crossoverProbability 	1.0
tournamentSize 	10
seed 	1586437063386
random 	java.util.Random@626b2d4a
neuralNetworkClass 	class coursework.ExampleEvolutionaryAlgorithm
Training Set Training
Fitness 0.08450165826114199