3.3647364237282815,-5.317042387569568,0.9784666106578794,-0.30345267642599083,-1.3507456098658963,-0.8289411358636813,-3.329230476927737,-0.4907970598918552,-1.8866010634026782,0.8099250190236836,-1.0892776357324236,-1.0534171441009226,3.8740608986420515,0.8863735687068257,0.518081753739341,0.7727825211912485,-1.483586053550029,-0.9432826095196418,-1.9267265838073908,0.9651168493929552,-4.214319654355466,-0.35684101908782584,-1.1914254114189822,0.20433646485571894,0.23386627579773356,0.8055785737097684,-0.38587186795992556,0.9182961154850204,0.02247314606944039,-1.2016653777116952,1.7499523423670726,0.09857512054603268,-0.4754545555229913,-0.3554726509929109,1.394826439224684,-0.3717381000267628,7.114920909569384,0.06063315234257062,-0.22000840541949196,-3.1859500300514236,-0.8972084068340194,-2.23403583170208,-0.8484216423505475,-0.893535612810386,1.7211198587280514,-0.7148818463876951,0.2092804109523595,1.2730881916991375
numHidden 	5
numGenes 	48
minGene 	-3.0
maxGene 	3.0
popSize 	200
maxEvaluations 	20000
mutateRate 	0.35
mutateChange 	0.1
crossoverProbability 	1.0
tournamentSize 	10
seed 	1586447222394
random 	java.util.Random@626b2d4a
neuralNetworkClass 	class coursework.ExampleEvolutionaryAlgorithm
Training Set Training
Fitness 0.045197674059068556