-0.5044013627156516,1.0110307421109992,0.8052943636860465,-1.5397219013659122,-1.8725383659787032,-0.6643987155194112,-0.35185859362983224,-0.9217704142377174,-0.8160531378022097,1.2573740115788783,-0.07239618375681026,1.0563759307762002,-0.5961107118699727,-2.2015349130270634,-1.273703301660304,0.4821120874878815,-0.012936400374733169,1.0484705661534186,-1.6036598236614799,2.119795803007514,-0.03589748972607252,-1.6895477007406086,1.0667855616084658,1.3072819613978528,0.7168177352513179,1.1064851477707587,0.7502669820269214,-1.6680876076506195,-1.1497487314494503,-1.1460063133551894,0.3861394401865985,0.956105398882408,0.7455190670875373,0.4986106477801248,1.6954456938458051,-1.266523803040565,1.2454636157098102,0.5218917208888757,0.5889893544805866,-1.4582129729591935,5.133017471267467,-1.1914834775042817,-0.2335735802811753,0.6067913659591814,0.5887824619840911,-0.3644871319689882,1.105846766647498,0.2773464323691356
numHidden 	5
numGenes 	48
minGene 	-3.0
maxGene 	3.0
popSize 	200
maxEvaluations 	20000
mutateRate 	0.35
mutateChange 	0.1
crossoverProbability 	1.0
tournamentSize 	10
seed 	1586438897309
random 	java.util.Random@626b2d4a
neuralNetworkClass 	class coursework.ExampleEvolutionaryAlgorithm
Training Set Training
Fitness 0.02379253814806257