-1.4529195238350758,-0.560722434739866,-0.7123352819337647,0.9534265487616268,-1.2263909623508749,0.4867357283878543,-2.5226493986361236,-0.5961121014587274,0.9403223984805272,0.8952161836797814,-1.6605683734996473,-0.42216426469181945,1.3081810168356067,-0.7818590547325022,-0.8820597551845888,1.3399421591738963,-2.641327753814057,-1.0915086522281563,-0.04012399782822082,1.7887802306224252,1.3444567897897723,0.3479500769503234,-0.32404411329264265,-0.30962004981286095,-0.19341088360762135,-1.2641400185117524,0.7050441659214048,0.4155977255245249,1.4564210233096069,0.35489577380546206,-1.9697071257336178,-6.518740142807712,0.019432657289563393,0.09053055897907362,1.472305589194208,-2.307455177403334,-1.368604423137464,1.9395481307157065,-0.20324598825957574,-1.0446558246890725,4.765925079936644,0.5979138643522122,-0.5257373765158069,0.7221201360622411,0.8992991483039816,1.1680472395206565,0.09274719215981586,-1.4938689065134236
numHidden 	5
numGenes 	48
minGene 	-3.0
maxGene 	3.0
popSize 	200
maxEvaluations 	20000
mutateRate 	0.35
mutateChange 	0.1
crossoverProbability 	1.0
tournamentSize 	10
seed 	1586869999098
random 	java.util.Random@626b2d4a
neuralNetworkClass 	class coursework.ExampleEvolutionaryAlgorithm
Training Set Training
Fitness 0.10604122847963816