1.029732380644818,0.36223725346677693,-1.3835424158193932,1.9933124970514098,-3.280650013531308,2.283353130768667,-1.5934472684357406,1.189627571664643,-0.47476309827932095,0.7244764064239135,1.1674483114518692,0.867595773144457,-1.0168391329629118,0.2414110511980534,0.446501792021748,1.0516170578677229,0.7834319566769932,0.5521370571561344,0.8018269232911281,2.023137886479463,-1.2172061003277364,0.7110167036020674,-1.0704314642186432,-1.5558213433441375,-0.15206013236260446,-1.7377405873929073,0.9151115905971059,0.5967490884076005,1.849522310342202,-0.16114389272044993,-1.6313514121654484,-1.5923167587264349,0.7471785724311406,0.605212223112727,-1.4944997187960036,-2.3403358437461073,-5.049596502842466,0.1561361960275015,0.09420663757399514,-0.486398084930165,-0.8957394868533142,1.2095922409330995,0.40257275564000106,1.539036440215774,0.5657754747017247,2.4484220825869665,-0.11499917836631993,0.6063488316231328
numHidden 	5
numGenes 	48
minGene 	-3.0
maxGene 	3.0
popSize 	200
maxEvaluations 	20000
mutateRate 	0.35
mutateChange 	0.1
crossoverProbability 	1.0
tournamentSize 	10
seed 	1586870833479
random 	java.util.Random@626b2d4a
neuralNetworkClass 	class coursework.ExampleEvolutionaryAlgorithm
Training Set Training
Fitness 0.06967143510757162