0.1474865265643987,2.3174688415293527,-1.0973622862299393,0.4730275069530625,3.0768044762055906,0.592500149322166,0.350684044191515,0.8202408339545206,-1.6047201425511664,-0.7787249097921447,-2.2263377087162786,2.723958778205297,0.8916273754030437,-0.2121489101980661,0.32937719997944437,-1.0048501625917137,-0.5155450964249289,0.28915180242749994,-1.942177424794326,-0.7523693123534971,-0.6805046569182267,-0.8849155737219949,-0.5834937581345769,0.5908361167813074,-0.5205209141259755,-0.9717998250489597,0.09864621234798424,-1.0489616412273408,0.19994628357749583,0.9565019756186601,1.1743521436053288,0.2763582755630781,0.18540230420492004,6.168295327366453,-6.322711290347747,0.198624383769391,-1.4140742897843968,-1.4105677099633676,-0.8928940762837787,-1.1322200113271736,0.2027119211794201,-2.8759700725810644,0.6067299583441215,-1.196010972167981,0.36623732244052953,0.7435697631805716,0.7930520541239061,-0.6839488315805853
numHidden 	5
numGenes 	48
minGene 	-3.0
maxGene 	3.0
popSize 	200
maxEvaluations 	20000
mutateRate 	0.35
mutateChange 	0.1
crossoverProbability 	1.0
tournamentSize 	10
seed 	1586870853617
random 	java.util.Random@626b2d4a
neuralNetworkClass 	class coursework.ExampleEvolutionaryAlgorithm
Training Set Training
Fitness 0.06282569052471744